0, start, 0.018506983, 0.019187616, 0.0028824653, 0.11113138
1, A, -0.02739962, 0.030283608, 0.013292268, -0.0096974885
2, AA, 0.024347497, 0.0014118844, 0.005630306, -0.1086382
3, B, -0.04539228, 0.050192967, 0.021982543, -0.01630118
4, BB, -0.0022725735, -0.0032282127, -0.031330306, -0.07981525
5, C, -0.03211878, 0.035647932, 0.015636785, -0.011402177
6, CC, -0.0025795694, -0.0035594916, -0.036050957, -0.09148213
7, D, -0.044469338, 0.049132008, 0.021501437, -0.015979553
8, DD, -0.0021646083, -0.0024101534, -0.023869876, -0.059719108
9, E, -0.047782484, 0.052866083, 0.023213306, -0.016957507
10, F, -0.0727855, 0.080411, 0.03518697, -0.026065713
11, G, -0.03915918, 0.04326495, 0.019016158, -0.0138122095
12, H, -0.043925278, 0.048580404, 0.02127729, -0.01581479
13, I, -0.044986356, 0.049819972, 0.021802442, -0.01583102
14, J, -0.03730977, 0.04127871, 0.018067064, -0.013210925
15, K, -0.04238606, 0.04693848, 0.020635694, -0.014804872
16, L, -0.035283517, 0.038853247, 0.01712232, -0.012776213
17, M, -0.046312634, 0.051083025, 0.022397427, -0.01690165
18, N, -0.04869006, 0.053661726, 0.023565907, -0.017723626
19, O, -0.046489257, 0.051292475, 0.022516131, -0.016900707
20, P, -0.047994707, 0.052850205, 0.023215236, -0.017443713
21, Q, 0.046133857, 0.04993797, -0.018749787, 0.015764294
22, R, 0.04256621, 0.045631956, -0.016755719, 0.00725374
23, S, 0.03644499, 0.039353203, -0.017136574, 0.0051474245
24, T, 0.05104044, 0.055145137, -0.020964274, 0.008462595
25, U, 0.020385388, 0.04654292, -0.038427014, 0.091887265
26, V, 0.019542154, 0.042224646, -0.031705137, 0.07913575
27, X, 0.01889901, 0.043489296, -0.034183398, 0.08508173
28, Y, 0.019326469, 2.3759498e-05, 0.005489771, -0.09027144
29, Z, 0.025776349, 0.0019152545, 0.0049794842, -0.11932154
30, end, 0.020356448, 0.021958927, 0.006301778, 0.13133816
