0, start, -0.0010570702, 0.02098284, -0.022358686, 0.20520137
1, A, 0.048993845, -0.033036966, 0.013588316, 0.019177504
2, AA, -0.01438001, -0.07092397, -0.018472794, -0.13069384
3, B, 0.04956316, -0.033404976, 0.013748076, 0.01934541
4, BB, -0.054023378, -0.015392455, 0.02805166, 0.1478899
5, C, 0.06529592, -0.044010855, 0.018098617, 0.025561025
6, CC, -0.049832046, -0.016121428, 0.023826169, 0.12993857
7, D, 0.04891733, -0.032978117, 0.013568253, 0.019059397
8, DD, -0.048671473, -0.013281274, 0.023613315, 0.12470567
9, E, 0.06581935, -0.044541158, 0.018409997, 0.025652325
10, F, 0.027729917, -0.01865287, 0.0077471547, 0.010550231
11, G, 0.05085815, -0.034305632, 0.014157413, 0.019946791
12, H, 0.046870705, -0.031628277, 0.013097314, 0.018069163
13, I, 0.047826882, -0.032224383, 0.013404399, 0.018181697
14, J, 0.058781113, -0.039697517, 0.016310988, 0.022724947
15, K, 0.055496942, -0.037437, 0.015444593, 0.021394767
16, L, 0.04901531, -0.03305991, 0.013518228, 0.01902105
17, M, 0.063584305, -0.04291415, 0.017579133, 0.025138708
18, N, 0.06443157, -0.043383982, 0.017854113, 0.025615023
19, O, 0.054864436, -0.036983095, 0.01525675, 0.021773148
20, P, 0.05920975, -0.039843787, 0.016369732, 0.02341616
21, Q, 0.06427308, 0.104393184, -0.032571454, 0.06627429
22, R, 0.04205101, 0.0645621, -0.020117976, 0.029524464
23, S, 0.04954757, 0.07372516, -0.02482256, 0.03271451
24, T, 0.057571087, 0.08615722, -0.028196622, 0.039175592
25, U, -0.03624115, -0.029217632, -0.043545887, 0.11470774
26, V, -0.034796305, -0.025719158, -0.03961724, 0.110299386
27, X, -0.03339895, -0.024576856, -0.03878818, 0.10967472
28, Y, -0.014066197, -0.07245397, -0.019026263, -0.13810222
29, Z, -0.012084517, -0.06260051, -0.015295274, -0.11639679
30, end, -0.0023138267, 0.02398936, -0.029186081, 0.23626344
