0, start, 0.0015909865, -0.06255942, 0.0036444825, -0.04638109, 0.03239407
1, Change Version, 0.0025339827, -0.04208868, 0.0020261365, -0.031074576, 0.022264488
2, Final Inspection, 0.0001320528, 0.070834875, -0.018854551, 0.054944925, -0.03361437
3, Final Inspection Q.C., 0.0042071054, 0.012748707, -0.051492263, 0.01677855, 0.0116291875
4, Fix, -0.009424263, -0.021469729, 0.006297028, -0.024669478, 0.023833832
5, Flat Grinding, -0.028049542, -0.029370114, -0.017829198, 0.054560274, 0.0327701
6, Grinding Rework, -0.04224867, -0.063919574, 0.009328097, 0.055687524, 0.048289996
7, Lapping, -0.03739562, -0.014902965, -0.008338384, 0.046913072, 0.040780045
8, Laser Marking, -0.04391841, -0.008482464, -0.0021663299, 0.037189286, 0.04559757
9, Milling, -0.03611961, 0.050161567, 0.01945018, -0.028884629, 0.047076065
10, Milling Q.C., 0.0012435258, -0.051140502, 0.0036557233, -0.038871095, 0.026765624
11, Nitration Q.C., 0.0026056736, -0.047059797, -0.009153509, -0.033519484, 0.027385296
12, Packing, -0.0007095302, -0.009350549, 0.0563878, 0.022093812, -0.013903692
13, Rework Milling, -0.0017697294, 0.04737873, -0.002469349, 0.03511796, -0.024842149
14, Round  Q.C., 0.002631266, -0.05472493, 0.000118936296, -0.039871853, 0.028312718
15, Round Grinding, -0.012637972, -0.009377171, -0.016268663, 0.024276381, 0.01954491
16, SETUP     Turning & Milling, -0.0093949465, -0.040038094, 0.008754491, -0.045100212, 0.034625243
17, Setup, -0.018305441, 0.0795007, 0.006124275, 0.03745884, -0.02036147
18, Stress Relief, 0.0033674547, -0.07249199, 0.0025528327, -0.051822547, 0.036059912
19, Turn & Mill. & Screw Assem, -0.032975446, 0.055201564, 0.015935734, -0.004132638, 0.016858814
20, Turning, -0.04541179, 0.06515755, 0.029651238, -0.018007621, 0.034712672
21, Turning & Milling, -0.039362807, 0.044912554, 0.0070956973, -0.019105248, 0.04452542
22, Turning & Milling Q.C., -0.0035441718, 0.012357285, -0.06564088, 0.032379586, 0.023690538
23, Turning Q.C., 0.0043017943, 0.029078986, -0.046090554, 0.027603725, 0.00019825206
24, Turning Rework, 0.0016578244, -0.04490715, 0.0027261677, -0.033216223, 0.023415495
25, end, 0.003667726, -0.096080124, 0.0050154347, -0.07107565, 0.049164053
