0, start, 0.035655774, -0.07856359, 0.01579728, -0.007479397
1, Role 1, 0.061148196, 0.03326369, 0.01024119, -0.017813928
2, Role 10, 0.035155103, -0.07713749, 0.014902884, -0.0072706467
3, Role 11, 0.035324093, -0.07672686, 0.015839908, -0.00997378
4, Role 12, 0.028762676, -0.061956834, 0.012052394, -0.0069098347
5, Role 2, 0.005287862, 0.010350563, 0.01598677, -0.06154084
6, Role 3, 0.049259245, 0.015196534, -0.042560592, -0.024338134
7, Role 4, -0.03629265, 0.08475367, -0.019538619, 0.010030169
8, Role 5, 0.044704247, -0.07566875, 0.016551595, -0.014833652
9, Role 6, -0.010350354, 0.07450753, -0.0068831756, -0.005306771
10, Role 7, -0.031912167, 0.07563031, -0.014482031, 0.006783328
11, Role 8, -0.02838084, 0.063734636, -0.012360584, 0.006170557
12, Role 9, -0.0330719, 0.076832, -0.015350003, 0.0069878646
13, end, -0.030568643, 0.06752256, -0.013457926, 0.0065099453
