0, start, -0.039849732, -0.009023376, -0.013180556, -0.01055848, -0.029539566
1, Role 1, -0.041111052, 0.031897638, 0.011476117, -0.017327422, 0.035333533
2, Role 10, -0.08743083, -0.019687077, -0.028097356, -0.022996986, -0.06555118
3, Role 11, 0.054991644, 0.012735775, 0.018750483, 0.014960897, 0.041329734
4, Role 12, 0.026425576, 0.0060917963, 0.008678408, 0.006777291, 0.020250378
5, Role 13, -0.06855949, -0.01597071, -0.022214143, -0.01828941, -0.0508511
6, Role 14, -0.054186374, -0.012828223, -0.017117914, -0.014372199, -0.04048848
7, Role 2, -0.038667962, -0.02670626, -0.011164457, 0.059840776, 0.044856604
8, Role 3, -0.0032643017, 0.0028375539, -0.040970095, 0.012955946, 0.020915607
9, Role 4, 0.052395836, 0.032518536, 0.023120303, 0.0031620017, 0.06491176
10, Role 5, 0.022651022, -0.0067685666, 0.049765576, 0.028997447, 0.011273858
11, Role 6, 0.040678903, 0.016730297, 0.018259369, 0.007646729, 0.039114416
12, Role 7, -0.033152454, -0.020556727, 0.0019238557, 0.040433485, 0.022700459
13, Role 8, 0.053284865, 0.011603488, 0.01667469, 0.012993735, 0.040035326
14, Role 9, 0.04130175, 0.022936773, -0.0018704302, 0.01552631, 0.061817713
15, end, -0.06471614, -0.0150725525, -0.021591106, -0.017039392, -0.048167262
